#7_31 modefication after meeting with Kelly. Don't need to solve for S in the scrap time. So 2 scenarios, either stop or continue in all time periods.
ab_values <- c(0.0003, 0.00015, 0.00012, 0.00009, 0.00006, 0.00003, 0)
C_R_values <- c(5450.866667, 8176.3, 8721.386667,	9266.473333,	9811.56,	10356.64667,	10901.73333)
p_values <- c(1.3, 1.59, 1.91)

beta <- 0.02
K <- 44000
gamma <- 0.8
ac <- 0.2
# ab <- 0.0003
# ab <- 0 #alpha=0.5
D <- 220
C_I <- 278.83
C_f<-642.64
C_M <- 849.84

N_0 = 4400 #20 per tree, 220 trees


#replant 220 trees 
# N =1000 0807 higher influx makes insecticides less valuable, but make resistant cultivar more attractive. Modify here to make real life sense numbers
N =500
ell = 2
r = 0.05
# phi = 36833.1250701846
# phi=22958.802

# Simulation Parameters
T <- 30
YieldF <- matrix(c(0, 0, 0, 0, 0, 0, 0, 0, 0, 0, 0, 0, 0, 0, 0, 0, 0, 0, 0,
                   0, 0, 0, 0, 0, 0, 0, 0, 0, 0, 0, 0, 0, 0, 0, 0, 0, 0, 0,
                   0, 0, 0, 0, 0, 0, 0, 0, 0, 0, 0, 0, 0, 0, 0, 0, 0, 0, 0,
                   4.5, 4.5, 4.5, 4.275, 4.05, 3.6, 3.15, 2.7, 2.475, 2.025, 1.575, 1.125, 0.9, 0.7875, 0.675, 0.5625, 0.45, 0.3375, 0.225,
                   6, 6, 6, 5.7, 5.4, 4.8, 4.2, 3.6, 3.3, 2.7, 2.1, 1.5, 1.2, 1.05, 0.9, 0.75, 0.6, 0.45, 0.3,
                   7.7, 7.7, 7.7, 7.315, 6.93, 6.16, 5.39, 4.62, 4.235, 3.465, 2.695, 1.925, 1.54, 1.3475, 1.155, 0.9625, 0.77, 0.5775, 0.385,
                   9.6, 9.6, 9.6, 9.12, 8.64, 7.68, 6.72, 5.76, 5.28, 4.32, 3.36, 2.4, 1.92, 1.68, 1.44, 1.2, 0.96, 0.72, 0.48,
                   11.25, 11.25, 11.25, 10.6875, 10.125, 9, 7.875, 6.75, 6.1875, 5.0625, 3.9375, 2.8125, 2.25, 1.96875, 1.6875, 1.40625, 1.125, 0.84375, 0.5625,
                   12.825, 12.825, 12.825, 12.1838, 11.5425, 10.26, 8.9775, 7.695, 7.05375, 5.77125, 4.48875, 3.20625, 2.565, 2.24438, 1.92375, 1.60322, 1.2825, 0.96188, 0.64215,
                   14, 14, 14, 14, 13.3, 12.6, 11.9, 11.2, 10.5, 9.8, 8.4, 7.7, 7, 6.3, 5.6, 4.9, 4.2, 3.5, 2.8,
                   14.7, 14.7, 14.7, 14.7, 13.965, 13.23, 12.495, 11.76, 11.025, 10.29, 8.82, 8.085, 7.35, 6.615, 5.88, 5.145, 4.41, 3.675, 2.94,
                   16.1, 16.1, 16.1, 16.1, 15.295, 14.49, 13.685, 12.88, 12.075, 11.27, 9.66, 8.855, 8.05, 7.245, 6.44, 5.635, 4.83, 4.025, 3.22,
                   16.8, 16.8, 16.8, 16.8, 15.96, 15.12, 14.28, 13.44, 12.6, 11.76, 10.08, 9.24, 8.4, 7.56, 6.72, 5.88, 5.04, 4.2, 3.36,
                   17.5, 17.5, 17.5, 17.5, 16.625, 15.75, 14.875, 14, 13.125, 12.25, 10.5, 9.625, 8.75, 7.875, 7, 6.125, 5.25, 4.375, 3.5,
                   18.2, 18.2, 18.2, 18.2, 17.29, 16.38, 15.47, 14.56, 13.65, 12.74, 10.92, 10.01, 9.1, 8.19, 7.28, 6.37, 5.46, 4.55, 3.64,
                   18.9, 18.9, 18.9, 18.9, 17.955, 17.01, 16.065, 15.12, 14.175, 13.23, 11.34, 10.395, 9.45, 8.505, 7.56, 6.615, 5.67, 4.725, 3.78,
                   19.6, 19.6, 19.6, 19.6, 18.61, 17.64, 16.66, 15.68, 14.7, 13.72, 11.76, 10.78, 9.8, 8.82, 7.84, 6.86, 5.88, 4.9, 3.92,
                   20.3, 20.3, 20.3, 20.3, 19.285, 18.27, 17.255, 16.24, 15.225, 14.21, 12.18, 11.165, 10.15, 9.135, 8.12, 7.105, 6.09, 5.075, 4.06,
                   21, 21, 21, 21, 19.95, 18.9, 17.85, 16.8, 15.75, 14.7, 12.6, 11.55, 10.5, 9.45, 8.4, 7.35, 6.3, 5.25, 4.2,
                   21, 21, 21, 21, 19.95, 18.9, 17.85, 16.8, 15.75, 14.7, 12.6, 11.55, 10.5, 9.45, 8.4, 7.35, 6.3, 5.25, 4.2,
                   21, 21, 21, 21, 19.95, 18.9, 17.85, 16.8, 15.75, 14.7, 12.6, 11.55, 10.5, 9.45, 8.4, 7.35, 6.3, 5.25, 4.2,
                   21, 21, 21, 21, 19.95, 18.9, 17.85, 16.8, 15.75, 14.7, 12.6, 11.55, 10.5, 9.45, 8.4, 7.35, 6.3, 5.25, 4.2,
                   21, 21, 21, 21, 19.95, 18.9, 17.85, 16.8, 15.75, 14.7, 12.6, 11.55, 10.5, 9.45, 8.4, 7.35, 6.3, 5.25, 4.2,
                   21, 21, 21, 21, 19.95, 18.9, 17.85, 16.8, 15.75, 14.7, 12.6, 11.55, 10.5, 9.45, 8.4, 7.35, 6.3, 5.25, 4.2,
                   21, 21, 21, 21, 19.95, 18.9, 17.85, 16.8, 15.75, 14.7, 12.6, 11.55, 10.5, 9.45, 8.4, 7.35, 6.3, 5.25, 4.2,
                   21, 21, 21, 21, 19.95, 18.9, 17.85, 16.8, 15.75, 14.7, 12.6, 11.55, 10.5, 9.45, 8.4, 7.35, 6.3, 5.25, 4.2,
                   21, 21, 21, 21, 19.95, 18.9, 17.85, 16.8, 15.75, 14.7, 12.6, 11.55, 10.5, 9.45, 8.4, 7.35, 6.3, 5.25, 4.2,
                   21, 21, 21, 21, 19.95, 18.9, 17.85, 16.8, 15.75, 14.7, 12.6, 11.55, 10.5, 9.45, 8.4, 7.35, 6.3, 5.25, 4.2,
                   21, 21, 21, 21, 19.95, 18.9, 17.85, 16.8, 15.75, 14.7, 12.6, 11.55, 10.5, 9.45, 8.4, 7.35, 6.3, 5.25, 4.2,
                   21, 21, 21, 21, 19.95, 18.9, 17.85, 16.8, 15.75, 14.7, 12.6, 11.55, 10.5, 9.45, 8.4, 7.35, 6.3, 5.25, 4.2,
                   21, 21, 21, 21, 19.95, 18.9, 17.85, 16.8, 15.75, 14.7, 12.6, 11.55, 10.5, 9.45, 8.4, 7.35, 6.3, 5.25, 4.2,
                   21, 21, 21, 21, 19.95, 18.9, 17.85, 16.8, 15.75, 14.7, 12.6, 11.55, 10.5, 9.45, 8.4, 7.35, 6.3, 5.25, 4.2,
                   21, 21, 21, 21, 19.95, 18.9, 17.85, 16.8, 15.75, 14.7, 12.6, 11.55, 10.5, 9.45, 8.4, 7.35, 6.3, 5.25, 4.2,
                   21, 21, 21, 21, 19.95, 18.9, 17.85, 16.8, 15.75, 14.7, 12.6, 11.55, 10.5, 9.45, 8.4, 7.35, 6.3, 5.25, 4.2,
                   21, 21, 21, 21, 19.95, 18.9, 17.85, 16.8, 15.75, 14.7, 12.6, 11.55, 10.5, 9.45, 8.4, 7.35, 6.3, 5.25, 4.2,
                   21, 21, 21, 21, 19.95, 18.9, 17.85, 16.8, 15.75, 14.7, 12.6, 11.55, 10.5, 9.45, 8.4, 7.35, 6.3, 5.25, 4.2,
                   21, 21, 21, 21, 19.95, 18.9, 17.85, 16.8, 15.75, 14.7, 12.6, 11.55, 10.5, 9.45, 8.4, 7.35, 6.3, 5.25, 4.2,
                   21, 21, 21, 21, 19.95, 18.9, 17.85, 16.8, 15.75, 14.7, 12.6, 11.55, 10.5, 9.45, 8.4, 7.35, 6.3, 5.25, 4.2,
                   21, 21, 21, 21, 19.95, 18.9, 17.85, 16.8, 15.75, 14.7, 12.6, 11.55, 10.5, 9.45, 8.4, 7.35, 6.3, 5.25, 4.2,
                   21, 21, 21, 21, 19.95, 18.9, 17.85, 16.8, 15.75, 14.7, 12.6, 11.55, 10.5, 9.45, 8.4, 7.35, 6.3, 5.25, 4.2,
                   21, 21, 21, 21, 19.95, 18.9, 17.85, 16.8, 15.75, 14.7, 12.6, 11.55, 10.5, 9.45, 8.4, 7.35, 6.3, 5.25, 4.2,
                   21, 21, 21, 21, 19.95, 18.9, 17.85, 16.8, 15.75, 14.7, 12.6, 11.55, 10.5, 9.45, 8.4, 7.35, 6.3, 5.25, 4.2,
                   21, 21, 21, 21, 19.95, 18.9, 17.85, 16.8, 15.75, 14.7, 12.6, 11.55, 10.5, 9.45, 8.4, 7.35, 6.3, 5.25, 4.2, 
                   21, 21, 21, 21, 19.95, 18.9, 17.85, 16.8, 15.75, 14.7, 12.6, 11.55, 10.5, 9.45, 8.4, 7.35, 6.3, 5.25, 4.2, 
                   21, 21, 21, 21, 19.95, 18.9, 17.85, 16.8, 15.75, 14.7, 12.6, 11.55, 10.5, 9.45, 8.4, 7.35, 6.3, 5.25, 4.2,
                   21, 21, 21, 21, 19.95, 18.9, 17.85, 16.8, 15.75, 14.7, 12.6, 11.55, 10.5, 9.45, 8.4, 7.35, 6.3, 5.25, 4.2, 
                   21, 21, 21, 21, 19.95, 18.9, 17.85, 16.8, 15.75, 14.7, 12.6, 11.55, 10.5, 9.45, 8.4, 7.35, 6.3, 5.25, 4.2,
                   21, 21, 21, 21, 19.95, 18.9, 17.85, 16.8, 15.75, 14.7, 12.6, 11.55, 10.5, 9.45, 8.4, 7.35, 6.3, 5.25, 4.2,
                   21, 21, 21, 21, 19.95, 18.9, 17.85, 16.8, 15.75, 14.7, 12.6, 11.55, 10.5, 9.45, 8.4, 7.35, 6.3, 5.25, 4.2,
                   21, 21, 21, 21, 19.95, 18.9, 17.85, 16.8, 15.75, 14.7, 12.6, 11.55, 10.5, 9.45, 8.4, 7.35, 6.3, 5.25, 4.2,
                   21, 21, 21, 21, 19.95, 18.9, 17.85, 16.8, 15.75, 14.7, 12.6, 11.55, 10.5, 9.45, 8.4, 7.35, 6.3, 5.25, 4.2,
                   21, 21, 21, 21, 19.95, 18.9, 17.85, 16.8, 15.75, 14.7, 12.6, 11.55, 10.5, 9.45, 8.4, 7.35, 6.3, 5.25, 4.2,
                   21, 21, 21, 21, 19.95, 18.9, 17.85, 16.8, 15.75, 14.7, 12.6, 11.55, 10.5, 9.45, 8.4, 7.35, 6.3, 5.25, 4.2,
                   21, 21, 21, 21, 19.95, 18.9, 17.85, 16.8, 15.75, 14.7, 12.6, 11.55, 10.5, 9.45, 8.4, 7.35, 6.3, 5.25, 4.2,
                   21, 21, 21, 21, 19.95, 18.9, 17.85, 16.8, 15.75, 14.7, 12.6, 11.55, 10.5, 9.45, 8.4, 7.35, 6.3, 5.25, 4.2, 
                   21, 21, 21, 21, 19.95, 18.9, 17.85, 16.8, 15.75, 14.7, 12.6, 11.55, 10.5, 9.45, 8.4, 7.35, 6.3, 5.25, 4.2, 
